SSTGLMC_G009.8925-00.3420        9.89250  -0.34200 1 1 1 1 0 1 0   6.869e+01   6.869e+00   1.512e+02   1.512e+01   1.626e+02   1.626e+01   9.015e+01   9.015e+00  -9.999e+02  -9.999e+02   4.098e+01   4.098e+00  -9.999e+02  -9.999e+02 
SSTGLMC_G009.8940-00.3367        9.89408  -0.33675 0 0 1 1 0 1 0  -9.999e+02  -9.999e+02  -9.999e+02  -9.999e+02   7.412e+00   7.412e-01   1.199e+01   1.199e+00  -9.999e+02  -9.999e+02   7.582e+00   7.582e-01  -9.999e+02  -9.999e+02 
SSTGLMC_G009.8943-00.3378        9.89430  -0.33783 0 0 1 1 0 1 0  -9.999e+02  -9.999e+02  -9.999e+02  -9.999e+02   4.462e+00   4.462e-01   6.927e+00   6.927e-01  -9.999e+02  -9.999e+02   4.156e+00   4.156e-01  -9.999e+02  -9.999e+02 
SSTGLMC_G009.8972-00.3327        9.89720  -0.33274 1 1 1 1 0 0 0   3.099e+00   3.099e-01   5.464e+00   5.464e-01   5.622e+00   5.622e-01   3.237e+00   3.237e-01  -9.999e+02  -9.999e+02   0.000e+00   3.299e-01  -9.999e+02  -9.999e+02 
SSTGLMC_G009.8989-00.3400        9.89890  -0.34006 0 1 1 1 0 1 0  -9.999e+02  -9.999e+02   2.374e+00   2.374e-01   1.270e+01   1.270e+00   2.234e+01   2.234e+00  -9.999e+02  -9.999e+02   1.525e+01   1.525e+00  -9.999e+02  -9.999e+02 
SSTGLMC_G009.9005-00.3300        9.90054  -0.33008 0 1 1 1 0 1 0  -9.999e+02  -9.999e+02   4.462e+00   4.462e-01   1.541e+01   1.541e+00   1.875e+01   1.875e+00  -9.999e+02  -9.999e+02   1.198e+01   1.198e+00  -9.999e+02  -9.999e+02 
SSTGLMC_G009.9006-00.3398        9.90065  -0.33982 0 0 1 1 0 1 0  -9.999e+02  -9.999e+02  -9.999e+02  -9.999e+02   3.203e+00   3.203e-01   4.412e+00   4.412e-01  -9.999e+02  -9.999e+02   3.467e+00   3.467e-01  -9.999e+02  -9.999e+02 
SSTGLMC_G009.9009-00.3410        9.90098  -0.34107 1 1 1 1 0 1 0   1.562e+00   1.562e-01   5.638e+00   5.638e-01   7.942e+00   7.942e-01   5.876e+00   5.876e-01  -9.999e+02  -9.999e+02   2.579e+00   2.579e-01  -9.999e+02  -9.999e+02 
SSTGLMC_G009.9047-00.3437        9.90477  -0.34370 0 1 1 1 0 1 0  -9.999e+02  -9.999e+02   2.664e+00   2.664e-01   9.254e+00   9.254e-01   1.137e+01   1.137e+00  -9.999e+02  -9.999e+02   7.529e+00   7.529e-01  -9.999e+02  -9.999e+02 
SSTGLMC_G009.9048-00.3418        9.90482  -0.34180 1 1 1 1 0 1 0   1.433e+00   1.433e-01   5.359e+00   5.359e-01   7.467e+00   7.467e-01   5.900e+00   5.900e-01  -9.999e+02  -9.999e+02   3.300e+00   3.300e-01  -9.999e+02  -9.999e+02 
