  1.0000E-02  8.0805E-14  4.4463E-14  3.3443E+02  9.8557E-01  9.7928E-01  9.1000E+01
  2.0000E-02  7.9454E-14  2.4624E-14  3.1635E+02  9.2395E-01  9.9137E-01  8.8000E+01
  3.0000E-02  1.1288E-13  3.0690E-14  4.4005E+02  8.5263E-01  9.8393E-01  8.8000E+01
  4.0000E-02  1.3988E-13  3.5898E-14  5.3414E+02  8.0701E-01  9.7659E-01  8.7000E+01
  5.0000E-02  1.6506E-13  3.9506E-14  6.1807E+02  7.1973E-01  9.6839E-01  8.6000E+01
  6.0000E-02  2.3711E-13  5.6799E-14  8.9786E+02  6.1745E-01  9.2127E-01  8.5000E+01
  8.0000E-02  3.4078E-13  6.7041E-14  1.2879E+03  5.1163E-01  8.7585E-01  8.6000E+01
  1.0000E-01  2.5149E-13  5.6897E-14  9.2998E+02  5.4458E-01  8.0250E-01  8.8000E+01
  1.2000E-01  1.7573E-13  4.6949E-14  7.0878E+02  6.0244E-01  6.9729E-01  9.1000E+01
  1.5000E-01  1.4178E-13  4.3790E-14  5.8534E+02  6.0418E-01  4.7836E-01  9.4000E+01
  2.0000E-01  1.4577E-13  4.9790E-14  6.0026E+02  5.5980E-01  1.5392E-01  8.2000E+01
  2.5000E-01  1.1444E-13  4.1723E-14  4.5972E+02  5.5518E-01  2.8367E-01  9.2000E+01
  3.0000E-01  9.6778E-14  3.4815E-14  3.9061E+02  5.4088E-01  3.9664E-01  9.1000E+01
  3.6000E-01  8.1693E-14  2.9106E-14  3.3402E+02  5.2364E-01  4.4415E-01  9.2000E+01
  4.4000E-01  6.6359E-14  2.3632E-14  2.7374E+02  4.9886E-01  4.9568E-01  9.4000E+01
  5.5000E-01  5.0890E-14  1.8395E-14  2.1140E+02  4.7333E-01  5.1858E-01  9.4000E+01
  7.0000E-01  3.6949E-14  1.3338E-14  1.5401E+02  4.4565E-01  5.5294E-01  9.4000E+01
  8.5000E-01  2.7744E-14  9.8671E-15  1.1580E+02  4.2417E-01  5.9646E-01  9.6000E+01
  1.0000E+00  2.1583E-14  7.4125E-15  9.0155E+01  4.0799E-01  6.3450E-01  9.7000E+01
  1.1500E+00  1.7260E-14  5.6957E-15  7.2127E+01  3.9579E-01  6.5639E-01  9.7000E+01
  1.3000E+00  1.4097E-14  4.4601E-15  5.8924E+01  3.8676E-01  6.6735E-01  9.7000E+01
  1.7000E+00  9.0743E-15  2.5649E-15  3.7945E+01  3.7324E-01  6.6827E-01  9.7000E+01
  2.0000E+00  7.0586E-15  1.8672E-15  2.9519E+01  3.6282E-01  6.2965E-01  9.7000E+01
  2.2000E+00  6.1388E-15  1.5723E-15  2.5674E+01  3.5545E-01  5.8719E-01  9.8000E+01
  2.7000E+00  4.6764E-15  1.1234E-15  1.9559E+01  3.3237E-01  4.8462E-01  9.5000E+01
  3.0000E+00  4.1145E-15  9.6419E-16  1.7209E+01  3.1291E-01  4.5697E-01  9.2000E+01
  3.1000E+00  3.9649E-15  9.2179E-16  1.6584E+01  3.0568E-01  4.5504E-01  9.1000E+01
  3.2000E+00  3.8270E-15  8.8388E-16  1.6007E+01  2.9784E-01  4.5598E-01  9.0000E+01
  3.3000E+00  3.6889E-15  8.4976E-16  1.5429E+01  2.8956E-01  4.5850E-01  8.9000E+01
  3.4000E+00  3.5564E-15  8.1778E-16  1.4874E+01  2.8233E-01  4.6232E-01  8.9000E+01
  3.5000E+00  3.4523E-15  7.8832E-16  1.4439E+01  2.7442E-01  4.7000E-01  8.9000E+01
  3.6000E+00  3.3453E-15  7.6162E-16  1.3991E+01  2.6626E-01  4.7819E-01  8.9000E+01
  3.7000E+00  3.2477E-15  7.3674E-16  1.3583E+01  2.5819E-01  4.8788E-01  8.9000E+01
  3.8000E+00  3.1539E-15  7.1362E-16  1.3190E+01  2.5013E-01  4.9835E-01  9.0000E+01
  3.9000E+00  3.0620E-15  6.9187E-16  1.2806E+01  2.4204E-01  5.0909E-01  9.0000E+01
  4.0000E+00  2.9758E-15  6.7114E-16  1.2445E+01  2.3514E-01  5.2011E-01  9.0000E+01
  4.1000E+00  2.9007E-15  6.5150E-16  1.2131E+01  2.2687E-01  5.3307E-01  9.0000E+01
  4.2000E+00  2.8132E-15  6.3288E-16  1.1765E+01  2.2105E-01  5.4287E-01  9.1000E+01
  4.3000E+00  2.7553E-15  6.1412E-16  1.1522E+01  2.1370E-01  5.5786E-01  9.1000E+01
  4.4000E+00  2.6752E-15  5.9701E-16  1.1187E+01  2.0744E-01  5.6801E-01  9.1000E+01
  4.5000E+00  2.6155E-15  5.7939E-16  1.0937E+01  2.0158E-01  5.8120E-01  9.1000E+01
  5.0000E+00  2.3156E-15  4.9927E-16  9.6813E+00  1.7549E-01  6.3563E-01  9.2000E+01
  5.5000E+00  2.0744E-15  4.2358E-16  8.6711E+00  1.6001E-01  6.8259E-01  9.2000E+01
  6.0000E+00  1.8986E-15  3.5059E-16  7.9346E+00  1.5005E-01  7.2961E-01  9.3000E+01
  6.5000E+00  1.7509E-15  2.8934E-16  7.3153E+00  1.3114E-01  7.6873E-01  9.2000E+01
  7.0000E+00  1.5991E-15  2.3691E-16  6.6787E+00  1.1983E-01  7.9615E-01  9.2000E+01
  7.5000E+00  1.5440E-15  1.9411E-16  6.4469E+00  1.0488E-01  8.1874E-01  9.2000E+01
  8.0000E+00  1.9273E-15  1.5998E-16  8.0523E+00  9.3650E-02  8.3411E-01  9.2000E+01
  8.5000E+00  2.7157E-15  1.3394E-16  1.1356E+01  8.6245E-02  8.4616E-01  9.1000E+01
  9.0000E+00  3.5733E-15  1.1370E-16  1.4948E+01  8.0493E-02  8.5728E-01  9.1000E+01
  9.4000E+00  4.1368E-15  1.0136E-16  1.7309E+01  7.8127E-02  8.6512E-01  9.1000E+01
  9.5500E+00  4.1100E-15  9.6669E-17  1.7196E+01  7.7802E-02  8.6908E-01  9.2000E+01
  9.7000E+00  3.9843E-15  9.2029E-17  1.6668E+01  7.8230E-02  8.7095E-01  9.2000E+01
  9.8500E+00  3.8399E-15  8.7424E-17  1.6062E+01  7.7898E-02  8.7413E-01  9.2000E+01
  1.0000E+01  3.7028E-15  8.2995E-17  1.5487E+01  7.8664E-02  8.7655E-01  9.2000E+01
  1.0500E+01  3.2228E-15  7.0096E-17  1.3472E+01  7.9975E-02  8.8635E-01  9.2000E+01
  1.1000E+01  2.6415E-15  5.8500E-17  1.1033E+01  7.9121E-02  8.9730E-01  9.2000E+01
  1.1100E+01  2.5546E-15  5.6477E-17  1.0667E+01  7.8090E-02  8.9985E-01  9.2000E+01
  1.1200E+01  2.4679E-15  5.4589E-17  1.0303E+01  7.6973E-02  9.0160E-01  9.2000E+01
  1.1300E+01  2.3813E-15  5.2740E-17  9.9393E+00  7.6585E-02  9.0287E-01  9.2000E+01
  1.1400E+01  2.3029E-15  5.0993E-17  9.6014E+00  7.5558E-02  9.0426E-01  9.2000E+01
  1.1500E+01  2.2281E-15  4.9309E-17  9.2814E+00  7.5172E-02  9.0508E-01  9.2000E+01
  1.1600E+01  2.1532E-15  4.7675E-17  8.9825E+00  7.5039E-02  9.0604E-01  9.2000E+01
  1.1700E+01  2.0852E-15  4.6090E-17  8.6995E+00  7.4957E-02  9.0717E-01  9.2000E+01
  1.1800E+01  2.0182E-15  4.4556E-17  8.4164E+00  7.4920E-02  9.0834E-01  9.2000E+01
  1.1900E+01  1.9497E-15  4.3057E-17  8.1285E+00  7.4828E-02  9.0981E-01  9.2000E+01
  1.2000E+01  1.8803E-15  4.1646E-17  7.8367E+00  7.3985E-02  9.1126E-01  9.2000E+01
  1.2100E+01  1.8133E-15  4.0281E-17  7.5550E+00  7.3785E-02  9.1195E-01  9.2000E+01
  1.2200E+01  1.7526E-15  3.8946E-17  7.3000E+00  7.3792E-02  9.1269E-01  9.2000E+01
  1.2300E+01  1.6977E-15  3.7655E-17  7.0691E+00  7.3804E-02  9.1360E-01  9.2000E+01
  1.2400E+01  1.6460E-15  3.6424E-17  6.8519E+00  7.3837E-02  9.1442E-01  9.2000E+01
  1.2500E+01  1.5929E-15  3.5176E-17  6.6286E+00  7.4866E-02  9.1544E-01  9.2000E+01
  1.2600E+01  1.5437E-15  3.3987E-17  6.4213E+00  7.4442E-02  9.1755E-01  9.2000E+01
  1.2700E+01  1.4970E-15  3.2836E-17  6.2251E+00  7.4449E-02  9.1923E-01  9.2000E+01
  1.2800E+01  1.4521E-15  3.1736E-17  6.0358E+00  7.3711E-02  9.2132E-01  9.2000E+01
  1.2900E+01  1.4098E-15  3.0727E-17  5.8577E+00  7.2026E-02  9.2327E-01  9.2000E+01
  1.3000E+01  1.3705E-15  2.9787E-17  5.6925E+00  7.0645E-02  9.2426E-01  9.2000E+01
  1.3100E+01  1.3332E-15  2.8881E-17  5.5353E+00  6.9517E-02  9.2489E-01  9.2000E+01
  1.3200E+01  1.2971E-15  2.8018E-17  5.3835E+00  6.8406E-02  9.2526E-01  9.2000E+01
  1.3300E+01  1.2601E-15  2.7173E-17  5.2277E+00  6.8209E-02  9.2503E-01  9.2000E+01
  1.3400E+01  1.2246E-15  2.6336E-17  5.0781E+00  6.8106E-02  9.2512E-01  9.2000E+01
  1.3500E+01  1.1899E-15  2.5518E-17  4.9319E+00  6.8328E-02  9.2505E-01  9.2000E+01
  1.4000E+01  1.0782E-15  2.1654E-17  4.4594E+00  6.9052E-02  9.2944E-01  9.2000E+01
  1.4500E+01  1.0673E-15  1.8578E-17  4.4097E+00  6.8242E-02  9.3264E-01  9.2000E+01
  1.5000E+01  1.1115E-15  1.6054E-17  4.5908E+00  6.7402E-02  9.3760E-01  9.2000E+01
  1.6000E+01  1.2361E-15  1.2294E-17  5.1044E+00  6.4935E-02  9.4633E-01  9.2000E+01
  1.7000E+01  1.3647E-15  9.7051E-18  5.6341E+00  6.1447E-02  9.5375E-01  9.2000E+01
  1.8000E+01  1.4255E-15  7.8422E-18  5.8795E+00  5.7554E-02  9.6021E-01  9.2000E+01
  1.9000E+01  1.3770E-15  6.4072E-18  5.6662E+00  5.5758E-02  9.6524E-01  9.2000E+01
  2.0000E+01  1.2510E-15  5.2418E-18  5.1278E+00  5.3198E-02  9.7080E-01  9.2000E+01
  2.2000E+01  1.0290E-15  3.5819E-18  4.1778E+00  4.8060E-02  9.7779E-01  9.2000E+01
  2.3000E+01  9.3734E-16  2.9932E-18  3.7846E+00  4.5612E-02  9.8065E-01  9.2000E+01
  2.4000E+01  8.6472E-16  2.5220E-18  3.4716E+00  4.3855E-02  9.8277E-01  9.2000E+01
  2.5000E+01  7.9933E-16  2.1389E-18  3.1897E+00  4.2203E-02  9.8475E-01  9.2000E+01
  2.6000E+01  7.4150E-16  1.8243E-18  2.9402E+00  4.0503E-02  9.8650E-01  9.2000E+01
  2.7000E+01  6.9031E-16  1.5665E-18  2.7200E+00  3.8902E-02  9.8793E-01  9.2000E+01
  2.8000E+01  6.4460E-16  1.3521E-18  2.5235E+00  3.7561E-02  9.8922E-01  9.2000E+01
  3.0000E+01  5.6814E-16  1.0245E-18  2.1967E+00  3.4652E-02  9.9130E-01  9.2000E+01
  3.5000E+01  4.3029E-16  5.4942E-19  1.6212E+00  2.8991E-02  9.9492E-01  9.1000E+01
  4.0000E+01  3.3952E-16  3.2160E-19  1.2595E+00  2.4122E-02  9.9688E-01  9.1000E+01
  4.5000E+01  2.7267E-16  2.0071E-19  1.0027E+00  2.0146E-02  9.9799E-01  9.1000E+01
  5.0000E+01  2.2262E-16  1.3180E-19  8.1516E-01  1.7183E-02  9.9860E-01  9.1000E+01
  5.5000E+01  1.8525E-16  9.0130E-20  6.7732E-01  1.4714E-02  9.9896E-01  9.1000E+01
  6.0000E+01  1.5641E-16  6.3738E-20  5.7175E-01  1.2782E-02  9.9918E-01  9.1000E+01
  6.5000E+01  1.3379E-16  4.6358E-20  4.8927E-01  1.1234E-02  9.9931E-01  9.1000E+01
  7.0000E+01  1.1588E-16  3.4530E-20  4.2417E-01  9.9335E-03  9.9940E-01  9.0000E+01
  7.5000E+01  1.0128E-16  2.6259E-20  3.7112E-01  8.9193E-03  9.9951E-01  9.0000E+01
  8.0000E+01  8.9085E-17  2.0323E-20  3.2667E-01  8.1302E-03  9.9959E-01  9.0000E+01
  8.5000E+01  7.9085E-17  1.5976E-20  2.9025E-01  7.4410E-03  9.9966E-01  9.0000E+01
  9.0000E+01  7.0955E-17  1.2725E-20  2.6077E-01  6.7728E-03  9.9971E-01  9.0000E+01
  9.5000E+01  6.3928E-17  1.0257E-20  2.3519E-01  6.2477E-03  9.9976E-01  9.0000E+01
  1.0000E+02  5.8010E-17  8.3667E-21  2.1369E-01  5.7484E-03  9.9979E-01  9.0000E+01
  1.0500E+02  5.2798E-17  6.8931E-21  1.9467E-01  5.3510E-03  9.9982E-01  9.0000E+01
  1.1000E+02  4.8333E-17  5.7268E-21  1.7840E-01  4.9836E-03  9.9985E-01  9.0000E+01
  1.2000E+02  4.1058E-17  4.0523E-21  1.5186E-01  4.3714E-03  9.9988E-01  9.0000E+01
  1.3000E+02  3.5463E-17  2.9480E-21  1.3148E-01  3.8594E-03  9.9991E-01  9.0000E+01
  1.4000E+02  3.0899E-17  2.1952E-21  1.1476E-01  3.4720E-03  9.9992E-01  9.0000E+01
  1.5000E+02  2.7154E-17  1.6685E-21  1.0100E-01  3.1237E-03  9.9994E-01  9.0000E+01
  2.0000E+02  1.5644E-17  5.3108E-22  5.8428E-02  2.0766E-03  9.9997E-01  9.0000E+01
  2.5000E+02  1.0326E-17  2.1830E-22  3.8727E-02  1.5022E-03  9.9999E-01  9.0000E+01
  3.0000E+02  7.3842E-18  1.0553E-22  2.7798E-02  1.1482E-03  9.9999E-01  9.0000E+01
  4.0000E+02  4.3744E-18  3.3503E-23  1.6566E-02  7.5071E-04  1.0000E+00  9.0000E+01
  5.0000E+02  2.9321E-18  1.3771E-23  1.1159E-02  5.3880E-04  1.0000E+00  9.0000E+01
  7.0000E+02  1.6201E-18  3.5965E-24  6.2142E-03  3.2286E-04  1.0000E+00  9.0000E+01
  1.0000E+03  8.5623E-19  8.6653E-25  3.3065E-03  1.9254E-04  1.0000E+00  9.0000E+01
